41571370
41576644
41484092
41528339
41518079
41534531
41498141
41605342
41504999
41270350
41505824
41313861
41534530
41290106
41496099
41534529
41493209
40279402
22981272
40157431
40398376
40803050
40392126
40415641
40703323
40327539
40731778
40155782
40589140
39810445
40959246
40505539
41450528
40102037
40192262
40526717
40722356
41154192
41229156
39792343
41403945
40733554
40478309
41031629
40432752
41283231
40636815
41205133
39817754
41222739
41280354
40884622
41064495
41428075
39986138
40038142
40326581
40004230
40124487
41523194
40573903
41445616
41283666
40838804
40761639
40355532
40964300
40364625
40242760
41121274
40848621
41459712
41005209
41549853
41045370
40063794
40588526
41369835
39847318
40816194
41244541
40828536
41279497
41207217
40425864
40659624
41063265
40947562
40770101
40685972
41332545
40656636
41395469
40750629
40661529
40691929
39879564
41152539
41226761
40505071
41083036
40898457
39602676
41482159
39965730
40175486
41006414
39982975
40171883
40372913
40542146
40815455
40184175
38274824
38781964
38189894
38531361
38634723
38577490
38665055
38597606
39267757
38766209
38511407
38296479
38900149
38354444
38475709
39125633
38497939
38511730
39599673
38415936
38598954
39268367
38311887
38850674
38424043
38914643
39346922
38806670
39029667
38361801
39666032
39742283
38241758
38007361
39452747
38477887
38809364
39669579
38843296
39611149
39406046
38190525
39763665
39446925
39668776
39524581
39562522
39125729
38608226
38562219
39137699
39257578
39555059
39111905
39776919
38422689
38721048
38547427
38436259
39246021
38008300
39021292
39282370
39499444
38615370
38338799
39484720
36669485
36992365
36638790
36778367
37290090
38085006
37876925
37465179
36934201
36753806
37334371
36598996
37410892
37337612
37537567
37945762
36603289
39483197
37122175
39070198
37554326
36792371
37983285
37771929
37992686
36660836
36722238
37402064
38022632
37270888
37560841
36737699
37317236
37553346
36701908
38075420
37112929
38091993
38468371
37804765
37930324
37572949
36844913
38002068
37692259
37351152
36759741
36764322
37451321
36786572
37108566
38138980
37590965
39343549
36793707
38134873
37046794
37562974
37495004
36675014
37196088
36775211
37233764
37519635
37212266
37762495
36764611
35043771
37311461
37745430
36960148
38131621
36293632
36076506
36466898
35477126
35215874
35937932
35459932
36032156
35158423
36045671
35151986
35812097
35158879
35216666
35954440
35590190
35198896
36055199
35132232
36168073
35185777
35978722
36116383
35323194
35534547
35447074
35273557
35440061
35596832
35009004
35674067
35145009
35928630
36169606
35534508
35131728
35931008
35025605
35709511
35140366
35417719
35874728
35452849
35603285
36418084
36243825
36344261
35955468
35705092
35383168
36131914
35263566
35500362
35396277
35538259
35345674
36427301
36417627
36047497
35158367
35169323
36248899
35363541
36096010
36429047
35340265
36189297
35083281
35441540
36082345
34891084
35938654
35366084
36544305
36142860
36305889
35775595
36459252
38868715
36449811
35073561
36530610
36099917
35436984
34880094
36078165
35639199
35507671
35308714
34795698
33844406
34624646
33796551
34939755
35008726
34070411
34899715
34646278
33833760
33432170
34523719
34691035
33801155
34580064
33838111
34634626
35046929
34691042
34835317
34790199
34857594
34298992
34633426
34912348
32994364
31751845
33013729
31915197
32825095
33326760
32393327
32371478
32575790
32157281
32057919
36046485
33134035
31570691
31109337
31518366
31788471
31123059
31365872
31276232
31002794
30819105
30449618
31650096
30190553
29723661
30420297
29861161
30029522
30176159
30227386
29864140
29337181
28659948
27881582
28972159
29955526
28495131
28875978
28910751
28930682
28494239
28738086
26945968
27530323
27927716
26876184
27421718
27505670
27207943
27873271
25531931
25613728
26424647
25662012
26045439
25123279
25159142
24492847
23950696
23911289
22784037
22901543
20175752
19965633
21173222
20563892
19307668
19215067
19243310
18487509
18346918
17545502
16702165
16332968
17027888
16216037
16306603
15534216
15454082
12907455
1727888
6087149
6252328
41677303
37949093
19139299
29440325
31604244
11754673
20369303
40063790
26862169
31375628
21602805
31672891
3422338
34282338
37164013
35649416
35360706
36706773
31624007
26428370
23717674
32424339
33589424
32901110
36070681
18755385
39505801
40074901
28835489
32315601
29385696
35108325
36949074
38755141
41174223
29292383
37023193
40367275
40924473
40475139
38683861
10837078
41315365
21348103
38496566
39535522
40764753
11498300
39877093
23793113
40928347
40766721
31257153
35275790
16110554
33723254
40674368
29467311
40950096
36867577
35421198
29337376
38009935
18765102
25639793
33605073
35263599
34281398
34232987
28514666
31167905
33109754
31073033
29679064
38170993
26305967
29337370
28351978
32238579
22308454
26522720
33929613
31019051
33953718
25996949
25255445
21543491
19017798
20923877
41279143
41648427
41665354
